3.383106800000000021e+03
3.719434699999999793e+03
3.803074999999999818e+03
3.828384599999999864e+03
3.839695299999999861e+03
4.019128900000000158e+03
4.072004699999999957e+03
4.131723500000000058e+03
4.158590500000000247e+03
4.200674500000000080e+03
4.277313900000000103e+03
4.277528199999999742e+03
4.348064000000000306e+03
4.370753200000000106e+03
4.426001100000000406e+03
4.481810699999999997e+03
4.493333700000000135e+03
4.545051900000000387e+03
4.579349500000000262e+03
4.589897799999999734e+03
4.609567299999999705e+03
4.657901200000000244e+03
4.673660899999999856e+03
4.703989800000000287e+03
4.723438199999999597e+03
4.726868300000000090e+03
4.735905800000000454e+03
4.764864599999999882e+03
4.806020499999999629e+03
4.808133700000000317e+03
4.879863500000000386e+03
4.965079499999999825e+03
5.017162800000000061e+03
5.044719500000000153e+03
5.067973699999999553e+03
5.158604099999999562e+03
5.231159700000000157e+03
5.343581199999999626e+03
5.417485800000000381e+03
5.499255400000000009e+03
5.539261800000000221e+03
5.558342200000000048e+03
5.573353500000000167e+03
5.587026300000000447e+03
5.615319499999999607e+03
5.719622699999999895e+03
5.720182799999999588e+03
5.725388500000000022e+03
5.760550799999999981e+03
5.804141200000000026e+03
5.912085299999999734e+03
5.914670900000000074e+03
5.938825200000000223e+03
5.973664899999999761e+03
5.975064800000000105e+03
5.989044700000000375e+03
5.994128700000000208e+03
6.021035700000000361e+03
6.032127400000000307e+03
6.037697500000000218e+03
6.114923399999999674e+03
6.151992900000000191e+03
6.169822100000000319e+03
6.172277799999999843e+03
6.182621699999999691e+03
6.191905300000000352e+03
6.198222700000000259e+03
6.203492500000000291e+03
6.207220099999999547e+03
6.224527200000000448e+03
6.261418099999999868e+03
6.327277799999999843e+03
6.342859499999999571e+03
6.411899099999999635e+03
6.416307099999999991e+03
6.457282400000000052e+03
6.531341800000000148e+03
6.554160299999999552e+03
6.583905999999999949e+03
6.588539600000000064e+03
6.591484499999999571e+03
6.593939099999999598e+03
6.662268600000000333e+03
6.677281699999999546e+03
6.752833499999999731e+03
6.756452800000000025e+03
6.834924600000000282e+03
6.871289099999999962e+03
6.911226399999999558e+03
6.965430699999999888e+03
7.067218100000000049e+03
7.147041599999999562e+03
7.272935900000000402e+03
7.383980499999999665e+03
7.503869099999999889e+03
7.514651799999999639e+03
7.635105999999999767e+03
7.723761099999999715e+03
7.724207199999999830e+03
7.948176400000000285e+03
8.006156699999999546e+03
8.014785700000000361e+03
8.103693100000000413e+03
8.115310999999999694e+03
8.264522499999999127e+03
8.408209600000000137e+03
8.424647499999999127e+03
8.521442199999999502e+03
8.667944199999999910e+03
9.122967399999999543e+03
9.224499200000000201e+03
9.354219800000000760e+03
9.657786299999999756e+03
9.784502800000000207e+03
1.047005349999999999e+04
